3 0.10500807754442651 0.2778675282714055 0.09369951534733442 0.13247172859450726
3 0.20355411954765754 0.2875605815831987 0.0936995153473344 0.14862681744749595
3 0.0678513731825525 0.4668820678513731 0.10662358642972534 0.14539579967689825
3 0.16074313408723748 0.46607431340872374 0.11147011308562198 0.14701130856219705
3 0.23263327948303714 0.4773828756058158 0.08077544426494349 0.16962843295638122
3 0.3206785137318255 0.46445880452342486 0.11793214862681743 0.18255250403877227
3 0.6381260096930533 0.4531502423263328 0.184168012924071 0.10823909531502424
3 0.3941841680129241 0.2681744749596123 0.1130856219709208 0.10985460420032311
3 0.5977382875605816 0.36106623586429726 0.10662358642972534 0.08239095315024234
3 0.6058158319870759 0.2972536348949919 0.11954765751211624 0.10662358642972532
3 0.6082390953150242 0.19547657512116318 0.12116316639741513 0.0936995153473344
3 0.592891760904685 0.12358642972536348 0.11631663974151855 0.07269789983844911
3 0.8021001615508885 0.43780290791599347 0.0985460420032311 0.06785137318255252
3 0.7883683360258482 0.35137318255250405 0.1421647819063004 0.10177705977382874
3 0.7722132471728596 0.2730210016155089 0.1324717285945073 0.06138933764135704
1 0.7754442649434572 0.19305331179321483 0.1486268174474961 0.06623586429725363
1 0.7681744749596123 0.10985460420032311 0.1599353796445881 0.09693053311793215
3 0.8344103392568658 0.6308562197092084 0.16316639741518585 0.09854604200323103
3 0.6599353796445879 0.6550888529886915 0.12116316639741505 0.07592891760904685
3 0.6534733441033925 0.7439418416801291 0.15993537964458795 0.07915993537964468
3 0.8392568659127625 0.721324717285945 0.15670436187399034 0.06300484652665589
3 0.8255250403877221 0.7948303715670437 0.16801292407108248 0.10016155088852984
3 0.6453957996768982 0.8142164781906299 0.1631663974151857 0.06785137318255252
3 0.6647819063004846 0.9038772213247174 0.15024232633279483 0.10500807754442647
3 0.8368336025848143 0.8885298869143781 0.16155088852988697 0.11631663974151848
