2 0.6672051696284329 0.19709208400646205 0.13570274636510496 0.15508885298869143
2 0.592891760904685 0.3764135702746365 0.19063004846526652 0.13893376413570277
2 0.6284329563812601 0.6777059773828756 0.17124394184168013 0.15670436187399026
2 0.40064620355411956 0.6518578352180937 0.14862681744749595 0.13408723747980617
2 0.3521809369951534 0.726978998384491 0.17447495961227782 0.12277867528271401
2 0.5218093699515347 0.8384491114701131 0.14539579967689825 0.12924071082390953
2 0.7802907915993538 0.5145395799676897 0.12924071082390953 0.13731825525040386
2 0.7495961227786752 0.7285945072697899 0.13570274636510504 0.2003231017770598
2 0.8449111470113085 0.8352180936995154 0.21001615508885293 0.08077544426494356
0 0.23505654281098542 0.8441033925686591 0.17932148626817443 0.13731825525040392
0 0.7964458804523424 0.26009693053311794 0.09369951534733445 0.16155088852988686
2 0.9248788368336025 0.35460420032310175 0.09531502423263319 0.15993537964458807
