3 0.5460420032310178 0.4604200323101776 0.1324717285945073 0.16801292407108243
3 0.5783521809369949 0.6122778675282714 0.1389337641357028 0.15831987075928908
1 0.852988691437803 0.7705977382875605 0.12600969305331178 0.15831987075928922
1 0.8247172859450727 0.5840064620355412 0.08885298869143782 0.14378029079159937
1 0.9531502423263327 0.9119547657512116 0.08077544426494342 0.12762520193861066
1 0.5993537964458804 0.827140549273021 0.08723747980613887 0.1518578352180937
3 0.15347334410339256 0.9006462035541196 0.07754442649434569 0.1276252019386108
3 0.234248788368336 0.8869143780290792 0.10662358642972539 0.1421647819063004
3 0.308562197092084 0.8675282714054927 0.09693053311793215 0.1389337641357028
3 0.30210016155088854 0.6567043618739903 0.10985460420032311 0.15670436187399026
3 0.22536348949919222 0.6768982229402262 0.1211631663974152 0.15831987075928913
3 0.07027463651050081 0.9022617124394184 0.10177705977382874 0.14054927302100154
3 0.12681744749596122 0.6849757673667205 0.10177705977382874 0.1421647819063005
3 0.05088852988691437 0.7019386106623585 0.09208400646203554 0.14701130856219705
1 0.19305331179321483 0.5193861066235864 0.10823909531502421 0.18255250403877227
1 0.26978998384491115 0.5016155088852989 0.1001615508885299 0.1211631663974152
1 0.46122778675282716 0.47576736672051695 0.09854604200323103 0.15347334410339258
1 0.6260096930533118 0.45638126009693053 0.0920840064620355 0.15024232633279483
1 0.6987075928917609 0.45476575121163165 0.11470113085621961 0.16316639741518585
1 0.8941841680129241 0.41033925686591277 0.09854604200323096 0.17447495961227788
1 0.91437802907916 0.5726978998384491 0.1066235864297255 0.15670436187399034
1 0.7407108239095315 0.5840064620355413 0.08885298869143782 0.1599353796445881
1 0.6575121163166397 0.6001615508885298 0.10985460420032311 0.16962843295638116
1 0.6817447495961229 0.8190630048465266 0.08077544426494342 0.1647819063004846
1 0.7794830371567043 0.7875605815831986 0.09208400646203557 0.14701130856219705
1 0.708400646203554 0.9394184168012925 0.06946688206785126 0.12116316639741527
3 0.6429725363489499 0.21324717285945075 0.12277867528271394 0.1324717285945073
3 0.22859450726979 0.30048465266558966 0.17932148626817443 0.09046849757673665
3 0.06946688206785137 0.27463651050080773 0.10339256865912763 0.19386106623586424
3 0.4749596122778675 0.18336025848142165 0.16478190630048467 0.0823909531502423
3 0.4676898222940226 0.2592891760904685 0.1308562197092084 0.10823909531502426
3 0.45476575121163165 0.10339256865912763 0.15024232633279483 0.12924071082390953
