1 0.5339256865912763 0.058158319870759284 0.12762520193861066 0.08077544426494346
1 0.5565428109854604 0.15024232633279483 0.12762520193861066 0.12600969305331178
1 0.4652665589660743 0.21809369951534735 0.1324717285945073 0.10662358642972539
1 0.5953150242326333 0.24555735056542813 0.13408723747980603 0.1421647819063005
1 0.47576736672051695 0.3037156704361874 0.1211631663974152 0.12924071082390953
1 0.5250403877221325 0.39660743134087234 0.14216478190630055 0.1308562197092084
1 0.7294022617124394 0.531502423263328 0.07269789983844901 0.1324717285945073
1 0.7859450726978997 0.5395799676898223 0.07269789983844915 0.1292407108239096
1 0.8222940226171244 0.39095315024232635 0.08077544426494342 0.1389337641357028
1 0.6760904684975767 0.04523424878836833 0.12762520193861066 0.09046849757673665
1 0.6882067851373183 0.12762520193861066 0.11954765751211639 0.10339256865912763
1 0.8982229402261711 0.1809369951534733 0.10016155088852984 0.12277867528271404
3 0.8893376413570274 0.41437802907915994 0.07592891760904678 0.14701130856219713
3 0.931340872374798 0.40226171243941844 0.06623586429725378 0.1324717285945073
1 0.9264943457189014 0.5751211631663975 0.09531502423263333 0.21001615508885302
1 0.7051696284329563 0.4789983844911147 0.1179321486268175 0.12439418416801296
1 0.592891760904685 0.4717285945072697 0.09693053311793222 0.15508885298869146
3 0.7512116316639742 0.36429725363489496 0.08077544426494356 0.0920840064620355
3 0.7487883683360258 0.31017770597738287 0.11470113085621975 0.05815831987075924
1 0.37560581583198704 0.07269789983844911 0.14701130856219702 0.14539579967689822
