3 0.3376413570274637 0.16558966074313408 0.11631663974151853 0.13085621970920838
3 0.42003231017770604 0.2172859450726979 0.16801292407108243 0.11793214862681743
3 0.48626817447495957 0.2665589660743134 0.1389337641357028 0.08077544426494346
3 0.5533117932148628 0.33117932148626816 0.13085621970920847 0.10662358642972532
3 0.7051696284329563 0.41437802907915994 0.17932148626817437 0.14054927302100162
3 0.7924071082390952 0.4725363489499192 0.17932148626817437 0.1825525040387722
3 0.877221324717286 0.48788368336025845 0.14539579967689817 0.11631663974151862
3 0.11227786752827139 0.1825525040387722 0.1567043618739903 0.08723747980613891
3 0.21486268174474957 0.3109854604200323 0.14216478190630047 0.11470113085621972
3 0.31017770597738287 0.3691437802907916 0.16155088852988692 0.11147011308562195
3 0.3691437802907916 0.4079159935379644 0.16316639741518582 0.1308562197092084
3 0.4361873990306947 0.45638126009693053 0.17447495961227788 0.12116316639741528
3 0.5 0.48465266558966064 0.13085621970920847 0.12600969305331183
3 0.5718901453957996 0.5581583198707594 0.14539579967689817 0.1567043618739904
3 0.648626817447496 0.5993537964458805 0.14378029079159937 0.13570274636510496
3 0.7302100161550888 0.6332794830371566 0.1421647819063004 0.12600969305331192
3 0.8093699515347335 0.6785137318255251 0.14216478190630055 0.17770597738287564
3 0.10985460420032311 0.4636510500807755 0.11631663974151857 0.1421647819063005
3 0.16155088852988683 0.5476575121163166 0.11631663974151855 0.13570274636510496
3 0.26090468497576735 0.5759289176090469 0.172859450726979 0.14701130856219705
3 0.31017770597738287 0.6405492730210017 0.1324717285945073 0.13731825525040392
3 0.3707592891760904 0.6987075928917608 0.1276252019386107 0.15670436187399048
3 0.4151857835218093 0.7479806138933764 0.1518578352180937 0.20355411954765756
3 0.6106623586429726 0.8222940226171244 0.10662358642972541 0.11954765751211624
3 0.6922455573505654 0.8618739903069464 0.10500807754442652 0.1050080775444266
1 0.7649434571890146 0.9046849757673666 0.15347334410339258 0.12600969305331178
3 0.10339256865912765 0.6647819063004846 0.20678513731825526 0.12762520193861066
3 0.15993537964458804 0.708400646203554 0.13893376413570274 0.11793214862681736
3 0.24071082390953152 0.7552504038772213 0.13570274636510501 0.10177705977382885
3 0.2689822294022617 0.8117932148626817 0.1373182552504039 0.09531502423263333
3 0.3626817447495961 0.862681744749596 0.15024232633279486 0.11308562197092087
3 0.18820678513731826 0.06462035541195478 0.1567043618739903 0.11308562197092087
