2 0.5565428109854603 0.13570274636510501 0.21809369951534727 0.23909531502423265
3 0.5064620355411955 0.47980613893376417 0.13408723747980622 0.10662358642972541
3 0.5250403877221324 0.5169628432956381 0.16155088852988692 0.1421647819063005
3 0.602584814216478 0.5646203554119549 0.11308562197092079 0.14378029079159887
3 0.6647819063004846 0.6235864297253635 0.10823909531502411 0.1130856219709208
3 0.7358642972536348 0.721324717285945 0.17609046849757662 0.19547657512116323
1 0.6558966074313409 0.2956381260096931 0.12277867528271408 0.13247172859450726
1 0.7116316639741518 0.35137318255250405 0.11470113085621961 0.12439418416801291
3 0.7617124394184168 0.4151857835218093 0.1050080775444266 0.11631663974151862
3 0.8214862681744749 0.48869143780290786 0.11793214862681749 0.11470113085621976
3 0.7794830371567043 0.1518578352180937 0.12762520193861066 0.1033925686591276
3 0.8206785137318255 0.23021001615508888 0.09693053311793207 0.11147011308562199
3 0.894184168012924 0.27463651050080773 0.09531502423263333 0.09693053311793211
3 0.9394184168012923 0.3618739903069466 0.12116316639741528 0.10662358642972534
3 0.8756058158319872 0.5274636510500809 0.0904684975767367 0.07592891760904692
1 0.8707592891760904 0.8449111470113085 0.11308562197092073 0.0904684975767367
