3 0.7576736672051696 0.16235864297253635 0.24878836833602577 0.18901453957996772
3 0.5945072697899838 0.32310177705977383 0.27463651050080773 0.25201938610662356
3 0.40226171243941844 0.5113085621970921 0.30694668820678517 0.19547657512116318
3 0.07673667205169629 0.3344103392568659 0.1373182552504039 0.2326332794830371
3 0.4878836833602584 0.734248788368336 0.22940226171243944 0.21809369951534735
3 0.8206785137318255 0.7189014539579968 0.21647819063004847 0.21647819063004847
3 0.5815831987075929 0.9264943457189014 0.24555735056542802 0.09854604200323096
3 0.8756058158319872 0.869951534733441 0.22294022617124398 0.21486268174474957
2 0.7794830371567043 0.43295638126009695 0.23424878836833612 0.1453957996768983
1 0.10904684975767368 0.06300484652665589 0.08562197092084006 0.06138933764135702
