3 0.2859450726978998 0.7124394184168013 0.1777059773828756 0.19063004846526646
3 0.14701130856219707 0.7633279483037156 0.1809369951534733 0.18255250403877227
3 0.431340872374798 0.6849757673667206 0.11631663974151855 0.16801292407108243
3 0.5525040387722133 0.6599353796445879 0.10662358642972541 0.1631663974151857
3 0.6970920840064619 0.6567043618739903 0.13731825525040378 0.15993537964458804
3 0.8368336025848143 0.6639741518578353 0.1324717285945073 0.1938610662358643
3 0.9523424878836834 0.6688206785137318 0.09531502423263333 0.21647819063004847
3 0.2617124394184168 0.4652665589660743 0.17124394184168015 0.17770597738287564
3 0.20436187399030692 0.2649434571890145 0.16962843295638128 0.1777059773828756
3 0.48142164781906305 0.41276252019386106 0.12277867528271408 0.1599353796445881
3 0.5904684975767367 0.4063004846526656 0.11470113085621968 0.1857835218093699
3 0.41680129240710817 0.22617124394184165 0.11308562197092087 0.17447495961227788
3 0.3190630048465266 0.22617124394184165 0.10500807754442644 0.21970920840064623
3 0.39337641357027464 0.43941841680129246 0.13731825525040386 0.18739903069466884
3 0.6865912762520193 0.39176090468497576 0.10339256865912759 0.21163166397415187
3 0.7665589660743134 0.38368336025848143 0.10500807754442647 0.20840064620355409
3 0.512924071082391 0.19709208400646205 0.12116316639741527 0.1938610662358643
3 0.6292407108239095 0.858642972536349 0.14701130856219713 0.17285945072697914
3 0.4959612277867528 0.8764135702746364 0.12924071082390953 0.1760904684975769
3 0.7609046849757675 0.8465266558966075 0.10985460420032311 0.2132471728594507
3 0.8861066235864297 0.8594507269789983 0.13408723747980617 0.19709208400646205
3 0.8990306946688207 0.39903069466882074 0.09531502423263319 0.17770597738287564
3 0.6147011308562197 0.18820678513731828 0.10823909531502424 0.15993537964458807
3 0.8053311793214862 0.172859450726979 0.10177705977382871 0.22940226171243944
3 0.9361873990306947 0.18982229402261716 0.0694668820678514 0.2019386106623587
