2 0.6954765751211631 0.8392568659127625 0.2762520193861065 0.2600969305331178
2 0.9063004846526656 0.6138933764135702 0.18739903069466876 0.32310177705977383
2 0.327140549273021 0.4369951534733441 0.28917609046849757 0.24071082390953152
2 0.14781906300484654 0.1922455573505654 0.2956381260096931 0.1680129240710824
1 0.6235864297253635 0.04604200323101777 0.2423263327948304 0.09208400646203554
3 0.5339256865912761 0.32310177705977383 0.23101777059773831 0.11308562197092083
3 0.45718901453958 0.2689822294022617 0.10662358642972541 0.15993537964458807
3 0.41276252019386106 0.22940226171243944 0.234248788368336 0.10662358642972539
3 0.31017770597738287 0.15993537964458804 0.10985460420032307 0.1841680129240711
3 0.2649434571890147 0.08481421647819057 0.19063004846526688 0.16962843295638114
