3 0.10258481421647819 0.3731825525040388 0.14378029079159935 0.38126009693053314
3 0.3045234248788368 0.2802907915993538 0.1825525040387722 0.2504038772213246
3 0.5347334410339257 0.13004846526655897 0.16155088852988697 0.21809369951534735
3 0.6736672051696284 0.5323101777059773 0.30048465266558966 0.26978998384491115
3 0.3368336025848142 0.8287560581583199 0.16639741518578352 0.13893376413570266
3 0.5274636510500809 0.58562197092084 0.18255250403877227 0.18255250403877227
3 0.43376413570274636 0.6736672051696284 0.18578352180937002 0.13893376413570258
3 0.7705977382875605 0.08804523424878835 0.22294022617124398 0.16639741518578352
3 0.8481421647819063 0.3683360258481422 0.22294022617124398 0.18093699515347336
3 0.17205169628432956 0.8974151857835219 0.25040387722132473 0.15670436187399034
