3 0.30290791599353795 0.3780290791599354 0.2762520193861066 0.2132471728594507
3 0.32794830371567046 0.6978998384491115 0.24878836833602583 0.24878836833602577
3 0.4894991922455574 0.9151857835218093 0.16801292407108248 0.16639741518578346
3 0.6284329563812601 0.4378029079159936 0.1647819063004846 0.11631663974151855
3 0.6809369951534734 0.2552504038772213 0.10500807754442647 0.12924071082390953
3 0.7059773828756057 0.11227786752827139 0.13893376413570274 0.172859450726979
3 0.9006462035541196 0.29402261712439415 0.19870759289176093 0.1841680129240711
3 0.9014539579967689 0.4539579967689822 0.19709208400646205 0.12600969305331178
3 0.9232633279483037 0.8416801292407108 0.15347334410339258 0.19063004846526665
3 0.10420032310177707 0.17609046849757676 0.172859450726979 0.17124394184168015
1 0.6583198707592891 0.7019386106623586 0.18901453957996764 0.1760904684975768
