2 0.6001615508885298 0.3336025848142164 0.3731825525040387 0.4765751211631662
2 0.8045234248788369 0.6801292407108239 0.25848142164781907 0.21970920840064623
2 0.8877221324717286 0.518578352180937 0.20840064620355406 0.2390953150242327
2 0.4959612277867528 0.7689822294022618 0.12600969305331183 0.21647819063004847
2 0.734248788368336 0.9054927302100161 0.18255250403877227 0.13731825525040392
2 0.6534733441033925 0.8182552504038771 0.11793214862681743 0.15993537964458795
2 0.4079159935379645 0.6534733441033925 0.1954765751211632 0.1631663974151858
2 0.2681744749596123 0.8336025848142166 0.20032310177705978 0.20678513731825532
2 0.2075928917609047 0.918416801292407 0.16962843295638122 0.16316639741518585
2 0.1332794830371567 0.2075928917609047 0.15024232633279483 0.17609046849757676
2 0.9079159935379644 0.9022617124394184 0.07754442649434566 0.14701130856219705
