1 0.574313408723748 0.23909531502423256 0.23424878836833607 0.2003231017770598
1 0.7932148626817448 0.27059773828756056 0.21324717285945083 0.1696284329563814
1 0.7689822294022618 0.13974151857835204 0.17124394184168013 0.1663974151857836
1 0.21001615508885293 0.2350565428109853 0.22940226171243952 0.23101777059773837
1 0.3012924071082391 0.048465266558966054 0.19547657512116318 0.09693053311793211
1 0.764135702746365 0.4919224555735056 0.17124394184168018 0.17932148626817437
1 0.7762520193861066 0.7665589660743133 0.14701130856219705 0.15670436187399048
1 0.9248788368336026 0.8780290791599353 0.15024232633279483 0.17285945072697914
1 0.4474959612277867 0.4442649434571891 0.2229402261712439 0.19063004846526652
1 0.10258481421647819 0.4079159935379646 0.17932148626817448 0.11793214862681749
1 0.0831987075928917 0.8174474959612277 0.14054927302100167 0.12924071082390967
1 0.36429725363489496 0.8214862681744748 0.10823909531502424 0.11793214862681749
1 0.05331179321486267 0.9378029079159935 0.09693053311793215 0.12439418416801287
1 0.5549273021001616 0.622778675282714 0.10177705977382885 0.14701130856219705
1 0.5678513731825525 0.07592891760904684 0.10500807754442647 0.1518578352180937
1 0.9289176090468496 0.9507269789983843 0.13893376413570266 0.0985460420032311
