3 0.4159935379644588 0.5840064620355412 0.15993537964458804 0.10500807754442647
3 0.5137318255250404 0.5145395799676898 0.12600969305331183 0.11147011308562199
3 0.568659127625202 0.4539579967689822 0.10662358642972534 0.11631663974151862
3 0.6316639741518578 0.40064620355411956 0.13570274636510504 0.10662358642972534
3 0.7164781906300485 0.36025848142164785 0.12116316639741513 0.11954765751211628
3 0.7907915993537964 0.2988691437802908 0.08885298869143796 0.12600969305331178
3 0.6478190630048465 0.6066235864297254 0.10662358642972528 0.1308562197092084
3 0.7399030694668821 0.5258481421647819 0.08723747980613894 0.11147011308562199
3 0.8190630048465266 0.449919224555735 0.11308562197092087 0.1567043618739904
3 0.5516962843295637 0.21243941841680125 0.17609046849757676 0.14378029079159937
3 0.48788368336025856 0.277059773828756 0.12600969305331183 0.10823909531502418
3 0.4135702746365105 0.3449111470113086 0.16155088852988692 0.12762520193861066
3 0.33925686591276244 0.4054927302100161 0.12924071082390948 0.11308562197092087
3 0.2673667205169628 0.46607431340872374 0.12439418416801289 0.10177705977382871
2 0.2172859450726979 0.8166397415185784 0.36995153473344106 0.29563812600969314
2 0.907108239095315 0.8497576736672052 0.18578352180937002 0.30048465266558966
2 0.7649434571890146 0.918416801292407 0.18255250403877227 0.16316639741518585
