1 0.26090468497576735 0.3166397415185783 0.1308562197092084 0.0710823909531502
1 0.1978998384491115 0.3828756058158319 0.13408723747980614 0.09046849757673663
1 0.327140549273021 0.7528271405492731 0.12762520193861066 0.12600969305331192
1 0.4781906300484653 0.8788368336025849 0.10985460420032311 0.14539579967689817
3 0.8029079159935378 0.8198707592891761 0.15831987075928922 0.12439418416801289
3 0.7180936995153473 0.9079159935379644 0.1825525040387722 0.13570274636510504
3 0.6114701130856219 0.8061389337641356 0.14054927302100154 0.12600969305331192
3 0.42730210016155085 0.6760904684975767 0.15993537964458804 0.15670436187399026
3 0.6025848142164782 0.5105008077544426 0.12277867528271415 0.1518578352180937
3 0.4733441033925686 0.3747980613893376 0.1518578352180937 0.13570274636510501
3 0.3610662358642972 0.4361873990306947 0.13731825525040386 0.13570274636510504
3 0.3731825525040388 0.2334410339256866 0.12924071082390956 0.11470113085621975
3 0.44911147011308555 0.14539579967689822 0.1292407108239096 0.10985460420032311
3 0.5775444264943457 0.07431340872374798 0.11793214862681743 0.10016155088852989
3 0.6340872374798061 0.21001615508885296 0.12116316639741513 0.11308562197092085
3 0.5662358642972536 0.295638126009693 0.08885298869143782 0.11954765751211632
3 0.7689822294022616 0.44911147011308555 0.12277867528271415 0.12277867528271408
1 0.8804523424878836 0.3747980613893376 0.09369951534733445 0.13570274636510501
3 0.9022617124394184 0.2237479806138934 0.10823909531502424 0.09854604200323103
3 0.2463651050080775 0.8481421647819063 0.1470113085621971 0.13570274636510504
3 0.14539579967689822 0.6017770597738288 0.20678513731825526 0.12439418416801303
3 0.13893376413570274 0.877221324717286 0.15185783521809368 0.10985460420032311
