1 0.4369951534733441 0.16720516962843296 0.2019386106623586 0.19547657512116318
1 0.15105008077544427 0.21970920840064623 0.2762520193861066 0.19709208400646205
3 0.24878836833602583 0.5573505654281098 0.1680129240710824 0.21001615508885293
3 0.5654281098546042 0.5323101777059773 0.11954765751211624 0.1793214862681745
3 0.5169628432956381 0.7318255250403877 0.24232633279483046 0.17770597738287564
3 0.5411954765751211 0.9378029079159935 0.18739903069466884 0.12439418416801289
3 0.26009693053311794 0.7544426494345718 0.1680129240710824 0.15831987075928908
3 0.21809369951534735 0.9151857835218093 0.2132471728594507 0.16962843295638122
3 0.06785137318255251 0.6163166397415185 0.13570274636510501 0.2148626817447495
3 0.04281098546042003 0.8134087237479807 0.08562197092084006 0.23101777059773823
