3 0.15993537964458804 0.13893376413570274 0.19063004846526657 0.2552504038772213
3 0.34894991922455576 0.23909531502423265 0.1680129240710824 0.21001615508885293
3 0.518578352180937 0.31017770597738287 0.1324717285945073 0.17124394184168013
3 0.49919224555735053 0.5718901453957996 0.19386106623586435 0.23586429725363486
3 0.2996768982229402 0.5105008077544426 0.19870759289176088 0.19709208400646205
3 0.44103392568659133 0.877221324717286 0.17124394184168018 0.23909531502423265
3 0.832794830371567 0.4523424878836833 0.1663974151857836 0.17770597738287564
3 0.6300484652665588 0.10016155088852981 0.19063004846526627 0.20032310177705961
3 0.8376413570274636 0.2665589660743134 0.18901453957996778 0.2649434571890145
3 0.7495961227786754 0.9192245557350566 0.21647819063004847 0.16155088852988683
