3 0.4111470113085619 0.4846526655896605 0.12116316639741508 0.15185783521809335
1 0.4523424878836833 0.25201938610662356 0.1389337641357028 0.16478190630048467
3 0.33360258481421645 0.26009693053311794 0.1082390953150242 0.19063004846526657
3 0.5080775444264942 0.4781906300484653 0.10500807754442654 0.18416801292407114
3 0.579967689822294 0.46122778675282716 0.1421647819063005 0.17932148626817457
3 0.6663974151857834 0.4757673667205169 0.17932148626817437 0.20840064620355409
3 0.7609046849757674 0.4515347334410339 0.11631663974151848 0.19547657512116318
3 0.8505654281098546 0.43376413570274636 0.11147011308562199 0.16639741518578355
1 0.754442649434572 0.6348949919224556 0.16155088852988697 0.15831987075928913
3 0.791599353796446 0.8182552504038771 0.20678513731825532 0.1050080775444266
3 0.2665589660743134 0.2641357027463651 0.12277867528271408 0.13731825525040386
3 0.19063004846526657 0.2681744749596123 0.0840064620355412 0.1583198707592892
3 0.09450726978998385 0.2754442649434572 0.11470113085621972 0.15993537964458804
3 0.6413570274636511 0.2269789983844911 0.12277867528271408 0.15993537964458804
3 0.7075928917609047 0.21647819063004847 0.07754442649434566 0.16155088852988692
3 0.7859450726978998 0.21405492730210013 0.0985460420032311 0.1631663974151858
3 0.8570274636510501 0.2075928917609047 0.1437802907915993 0.15024232633279483
3 0.9418416801292406 0.19709208400646205 0.10985460420032311 0.1518578352180937
