0 0.8481421647819063 0.21324717285945075 0.15508885298869132 0.13893376413570274
0 0.7334410339256866 0.550080775444265 0.17447495961227788 0.13085621970920847
0 0.47980613893376417 0.17124394184168013 0.14539579967689825 0.11308562197092083
0 0.43376413570274636 0.2552504038772213 0.15024232633279483 0.10985460420032311
0 0.3941841680129241 0.3990306946688207 0.2067851373182552 0.1324717285945073
0 0.20516962843295639 0.4345718901453958 0.14539579967689822 0.1389337641357028
0 0.507269789983845 0.6801292407108239 0.21001615508885305 0.16801292407108234
2 0.8449111470113085 0.877221324717286 0.16801292407108234 0.11308562197092087
2 0.9119547657512116 0.6906300484652667 0.13731825525040392 0.12116316639741527
2 0.6978998384491115 0.7189014539579968 0.14216478190630036 0.14216478190630055
2 0.7996768982229402 0.3941841680129241 0.18416801292407114 0.13570274636510496
2 0.6316639741518578 0.3408723747980613 0.12600969305331178 0.11631663974151855
2 0.6841680129240711 0.18012924071082392 0.15024232633279483 0.12762520193861066
2 0.6098546042003231 0.431340872374798 0.15670436187399026 0.10339256865912766
2 0.5823909531502424 0.5242326332794831 0.15670436187399034 0.08885298869143782
0 0.3529886914378029 0.5040387722132472 0.14054927302100162 0.12600969305331183
0 0.289983844911147 0.1680129240710824 0.14054927302100156 0.11308562197092081
0 0.24071082390953152 0.2649434571890145 0.17447495961227788 0.12600969305331183
2 0.17043618739903066 0.592891760904685 0.1825525040387722 0.14539579967689817
2 0.6243941841680128 0.864297253634895 0.15347334410339245 0.13570274636510504
2 0.45072697899838443 0.8214862681744749 0.16801292407108243 0.11147011308562213
