3 0.5713153724247226 0.20443740095087165 0.13153724247226628 0.1521394611727417
3 0.35895404120443736 0.16402535657686215 0.11885895404120443 0.1473851030110935
3 0.09191759112519808 0.11806656101426306 0.13312202852614896 0.13787638668779714
3 0.17828843106180667 0.13787638668779714 0.12836767036450078 0.1489698890649762
3 0.5570522979397781 0.3375594294770206 0.0839936608557845 0.09191759112519808
3 0.4896988906497623 0.3193343898573692 0.09191759112519811 0.08716323296354993
3 0.2931854199683043 0.30348652931854203 0.07923930269413632 0.10301109350237715
3 0.09746434231378764 0.2741679873217116 0.07448494453248812 0.10776545166402532
3 0.20602218700475436 0.2765451664025357 0.1109350237717908 0.115689381933439
3 0.13391442155309033 0.2797147385103011 0.07131537242472268 0.115689381933439
2 0.44057052297939775 0.563391442155309 0.19651347068145802 0.15055467511885895
2 0.3692551505546751 0.6806656101426307 0.21553090332805072 0.1505546751188591
1 0.31774960380348655 0.545958795562599 0.09984152139461173 0.1347068145800317
3 0.18304278922345485 0.5206022187004755 0.0649762282091918 0.10301109350237708
3 0.2258320126782884 0.5134706814580032 0.07131537242472266 0.08240887480190175
3 0.26069730586370843 0.5324881141045958 0.06497622820919176 0.08557844690966718
3 0.06814580031695722 0.5419968304278923 0.098256735340729 0.13312202852614902
3 0.11093502377179078 0.522187004754358 0.07923930269413632 0.10935023771790797
3 0.38114104595879555 0.8961965134706814 0.1251980982567353 0.16323296354992067
3 0.28605388272583204 0.8890649762282092 0.10618066561014264 0.14896988906497627
3 0.20602218700475436 0.8803486529318542 0.11727416798732172 0.14104595879556256
3 0.10776545166402535 0.8645007923930268 0.11410459587955626 0.13787638668779706
3 0.8510301109350238 0.3098256735340729 0.20602218700475447 0.14104595879556261
3 0.8042789223454831 0.40570522979397794 0.18225039619651348 0.12678288431061788
3 0.769413629160063 0.5031695721077656 0.2076069730586369 0.14738510301109345
3 0.7305863708399367 0.5895404120443741 0.21236133122028536 0.1458003169572107
3 0.6450079239302695 0.7757527733755945 0.20285261489698894 0.1473851030110936
1 0.6014263074484942 0.8652931854199682 0.16323296354992065 0.10776545166402536
2 0.8882725832012679 0.7923930269413623 0.21077654516640323 0.2662440570522979
