2 0.08832499024520722 0.1823592003921951 0.1564360915075777 0.17740794895114165
2 0.18773258382916574 0.22803295960644632 0.14009591348552 0.12316681117636452
2 0.14138715168529323 0.30527534651290084 0.14289320325265056 0.13045627481366698
2 0.10410930409130803 0.3727784759398458 0.13541617107127926 0.11626640950564447
2 0.08427103467283512 0.4671120132864073 0.13643499752853366 0.1246496396637538
2 0.056683265086991785 0.5778852554159964 0.11336653017398363 0.1586779717488467
2 0.513708798954147 0.09235502782293441 0.08473543314586167 0.07497966261041268
2 0.6574468058931154 0.16926157826457738 0.12499709934506179 0.09584528588815448
2 0.7558468900826425 0.17866499927927673 0.11701849963491441 0.12215543739577078
2 0.8408135156797427 0.2149353374788297 0.08897134887480718 0.13072069668248643
2 0.9267876506712744 0.21695035626769335 0.08808933291980395 0.13784454021725928
2 0.9506320396728313 0.05003963325679012 0.09873592065433741 0.10007926651358023
2 0.873053816301566 0.03425531941068853 0.08328744327304662 0.06851063882137706
2 0.7874155177748446 0.035262828805120536 0.08395911620266801 0.07052565761024107
2 0.5123654530949046 0.032240300621824494 0.15851481139063714 0.06448060124364899
2 0.4137505246467444 0.4597601203258084 0.17000104415765463 0.14854934693875443
2 0.6152524035331521 0.585362958164998 0.16940745938039994 0.10540812313441521
0 0.33247810016256507 0.8374551510316343 0.42584063737993216 0.3183729686405158
2 0.6637960379921438 0.43899932068296654 0.11603000105777987 0.11069141817827913
