1 0.4054927302100161 0.42164781906300486 0.13893376413570274 0.1389337641357028
1 0.6114701130856219 0.691437802907916 0.1308562197092084 0.1324717285945073
1 0.4378029079159936 0.7730210016155088 0.14539579967689825 0.14378029079159943
1 0.3893376413570275 0.7326332794830371 0.15185783521809365 0.15024232633279466
1 0.2172859450726979 0.8190630048465266 0.12439418416801294 0.11631663974151862
1 0.26978998384491115 0.6809369951534734 0.10662358642972534 0.10177705977382871
1 0.26009693053311794 0.49111470113085615 0.1324717285945073 0.16155088852988692
1 0.4474959612277867 0.5799676898222941 0.15185783521809376 0.14862681744749595
1 0.172859450726979 0.507269789983845 0.10985460420032311 0.13893376413570274
1 0.07915993537964458 0.44830371567043614 0.12277867528271404 0.15024232633279488
1 0.055735056542810975 0.592891760904685 0.08239095315024231 0.10662358642972534
