1 0.06475372098199655 0.3173688176107333 0.12950744196399316 0.12909146516967718
3 0.13044224129711282 0.26454174169601347 0.161827527446167 0.15979314212869253
3 0.190177473292987 0.20399378545529864 0.16279488612079973 0.16117384430731937
3 0.25072542953370225 0.14019493223521506 0.1713703242161253 0.16824821243081076
3 0.3144441850949651 0.08120642424345376 0.1638250729118579 0.16241284848690746
1 0.19058383541540672 0.43115021188858926 0.15178462924514968 0.14864711691486276
3 0.24219182496286415 0.3693831692806107 0.15455152900710437 0.15171333666088244
3 0.29948888422421277 0.3043652296932637 0.14434482363110576 0.14289772414841465
3 0.353128684383772 0.24422363557496865 0.1508378393579423 0.15028059959120896
3 0.41286391637964764 0.1775802474979389 0.1517532474497969 0.15034451264770657
3 0.08899330481018047 0.6042032927620319 0.15272139129704435 0.156151164564707
3 0.14141401860247893 0.6663766974924313 0.14806834779852246 0.15161581863119863
3 0.21252739002613766 0.716765600672625 0.1309327525301323 0.13330005568675346
3 0.26699454997163335 0.7703258991274885 0.1407831006771305 0.1436475795921757
1 0.33354470423133636 0.8316361683048421 0.11784035418690678 0.11855395061849151
3 0.3934622480909363 0.8890766920060306 0.11866138997360152 0.11945195851018894
3 0.460105636167966 0.9402740207449055 0.11866138997360152 0.11945195851018894
1 0.12782362886786147 0.8965185806930139 0.1549536004859357 0.157850292829564
3 0.17791428461875458 0.9468113698780672 0.10559365093682521 0.1063772602438641
3 0.8655513207565453 0.6010095790605303 0.11758877588473553 0.11621009436434988
1 0.5331471046162377 0.40595576029849206 0.1517532474497969 0.1503445126477065
3 0.479507304456678 0.46447190592710474 0.16017323811324702 0.15684630660643847
1 0.4230229694401699 0.5213626030660309 0.1441579174209373 0.14221727019928906
3 0.3608495647097707 0.5888187153879029 0.1517532474497969 0.1503445126477065
3 0.7135718869711227 0.4571573877235275 0.13224786557359353 0.13168338265449137
3 0.6436776019147256 0.503889031801931 0.14113726773833699 0.1389979008580707
3 0.5924759744896907 0.5697196956341191 0.14113726773833699 0.1389979008580707
3 0.5315216561265537 0.6331121867317813 0.14113726773833704 0.13899790085807062
3 0.4820467006070532 0.7017378352496282 0.1246803360097978 0.12365524054865126
3 0.6436776019147256 0.503889031801931 0.14113726773833699 0.1389979008580707
3 0.8086606236176175 0.6660275186478767 0.11758877588473553 0.11621009436434995
3 0.761928979539213 0.7257627506437515 0.1368613391865395 0.13490275199571072
3 0.6999162737635162 0.7923972218130235 0.12986821889236977 0.12838312422145862
3 0.6298612897524157 0.8497031979821298 0.13117226947264704 0.131218665504112
3 0.7634972447510288 0.9516429074319113 0.12515953370564112 0.09671418513617709
3 0.8098225267070128 0.8975967451499329 0.1702538637719124 0.16678715613854905
3 0.8813994435309611 0.8354805236973982 0.1368613391865395 0.13490275199571072
3 0.9315693304067304 0.7696498598652103 0.1368613391865395 0.13490275199571072
3 0.620369920215611 0.09523191651125039 0.1353383511182357 0.13528045259000346
3 0.678062712046653 0.14970536125432404 0.13048326475464309 0.13036226644361024
3 0.7414552031443153 0.1992815401896754 0.13048326475464309 0.13036226644361024
3 0.8609256671360639 0.3220029011607911 0.13048326475464309 0.13036226644361024
3 0.929194503702777 0.37808087405487706 0.13048326475464309 0.13036226644361024
3 0.5779048591178839 0.3320698987395784 0.12353530415182803 0.12246947436330675
