0 0.8961965134706815 0.16798732171156894 0.17591125198098254 0.2979397781299524
2 0.7187004754358162 0.5443740095087164 0.1980982567353407 0.10935023771790817
2 0.6291600633914421 0.7456418383518225 0.1299524564183836 0.32805071315372414
2 0.833597464342314 0.7432646592709985 0.12995245641838366 0.3391442155309033
2 0.4920760697305863 0.8621236133122028 0.17274167987321712 0.10776545166402528
0 0.4025356576862125 0.13153724247226628 0.22820919175911247 0.24088748019017442
2 0.2583201267828843 0.1259904912836767 0.133122028526149 0.179080824088748
2 0.1719492868462757 0.13312202852614896 0.10301109350237722 0.1077654516640254
2 0.1862123613312203 0.059429477020602216 0.0966719492868463 0.09667194928684628
1 0.30348652931854203 0.35103011093502373 0.11251980982567361 0.14104595879556264
1 0.2694136291600634 0.9429477020602218 0.12678288431061804 0.11410459587955629
3 0.09984152139461173 0.9286846275752774 0.1172741679873217 0.12678288431061802
3 0.13391442155309036 0.7353407290015848 0.10935023771790812 0.12044374009508717
3 0.09508716323296355 0.5118858954041204 0.13312202852614896 0.13312202852614896
3 0.3510301109350238 0.5586370839936609 0.12519809825673536 0.1378763866877972
3 0.13787638668779714 0.329635499207607 0.12044374009508718 0.18383518225039622
3 0.3961965134706814 0.3684627575277337 0.11410459587955621 0.11885895404120443
3 0.22028526148969887 0.32805071315372425 0.10142630744849444 0.10142630744849444
3 0.0554675118858954 0.29239302694136293 0.1045958795562599 0.10935023771790812
2 0.09429477020602219 0.12440570522979395 0.13153724247226622 0.15055467511885895
3 0.3098256735340729 0.7773375594294771 0.11885895404120447 0.13787638668779734
3 0.2670364500792393 0.5499207606973059 0.12202852614896986 0.12678288431061802
3 0.1774960380348653 0.5459587955625991 0.12361331220285264 0.11568938193343889
3 0.0491283676703645 0.7068145800316956 0.09508716323296355 0.11093502377179078
3 0.2179080824088748 0.7432646592709983 0.09984152139461173 0.1045958795562599
