3 0.277059773828756 0.5444264943457189 0.16639741518578346 0.13893376413570274
3 0.6437802907915993 0.7560581583198708 0.13731825525040386 0.14216478190630055
3 0.7568659127625201 0.567043618739903 0.17609046849757676 0.13893376413570274
3 0.8941841680129241 0.7810985460420032 0.1308562197092084 0.1470113085621972
3 0.055735056542810975 0.797253634894992 0.098546042003231 0.14378029079159943
3 0.13408723747980614 0.8489499192245558 0.13893376413570274 0.11147011308562185
3 0.20597738287560582 0.9046849757673666 0.21486268174474965 0.10339256865912773
3 0.2827140549273021 0.38529886914378025 0.1680129240710824 0.15993537964458804
1 0.5201938610662359 0.35541195476575127 0.17770597738287564 0.1841680129240711
3 0.5597738287560581 0.4894991922455574 0.14054927302100162 0.09369951534733445
3 0.5298869143780292 0.6066235864297254 0.11954765751211632 0.0823909531502423
3 0.46607431340872374 0.7237479806138934 0.15347334410339258 0.20678513731825526
3 0.25363489499192243 0.6873990306946689 0.15508885298869143 0.1211631663974152
1 0.117124394184168 0.5953150242326332 0.16962843295638122 0.21809369951534727
3 0.7277867528271407 0.2762520193861066 0.14701130856219705 0.1001615508885299
3 0.7269789983844912 0.3780290791599354 0.1647819063004846 0.08400646203554117
3 0.9264943457189014 0.2762520193861066 0.1470113085621972 0.21970920840064617
