3 0.17609046849757676 0.2786752827140549 0.12924071082390953 0.15993537964458807
3 0.2802907915993538 0.2754442649434572 0.1373182552504039 0.2116316639741519
3 0.395799676898223 0.3247172859450727 0.1421647819063005 0.17447495961227788
3 0.48707592891760904 0.3416801292407108 0.16316639741518585 0.13731825525040386
3 0.16882067851373184 0.4596122778675283 0.18578352180936997 0.1211631663974152
3 0.17851373182552507 0.5549273021001615 0.1696284329563813 0.11470113085621975
3 0.18497576736672053 0.6445880452342487 0.2019386106623586 0.09046849757673663
3 0.10177705977382874 0.7988691437802907 0.11954765751211632 0.15993537964458795
3 0.22617124394184165 0.8004846526655897 0.17447495961227788 0.17609046849757676
3 0.3651050080775444 0.8166397415185784 0.11954765751211632 0.15024232633279483
3 0.4531502423263328 0.8150242326332794 0.14054927302100167 0.18255250403877227
3 0.7294022617124395 0.6130856219709209 0.11147011308562199 0.15993537964458804
3 0.8319870759289176 0.622778675282714 0.14539579967689817 0.14054927302100162
3 0.7374798061389337 0.7600969305331179 0.172859450726979 0.12116316639741513
3 0.7197092084006462 0.8432956381260097 0.17609046849757662 0.12600969305331178
3 0.6946688206785138 0.9216478190630047 0.19386106623586422 0.10500807754442647
