2 0.16182900956385432 0.21988619409761248 0.17037238660908396 0.17255648358347087
2 0.30669713129270293 0.29613749051930643 0.247742316129509 0.2462187861338527
2 0.4902230736249211 0.4228604245912034 0.16606536015802476 0.15872265053461676
2 0.06342906368868036 0.6618257343020468 0.1268581273773607 0.23011474268451917
2 0.25863323643601555 0.6554336581163664 0.09979711505857292 0.1171659838376258
2 0.3987672143528662 0.6706763013283716 0.10719020065218843 0.09440604828082655
3 0.530050625243392 0.6215064845154437 0.12713933403095368 0.0978134991040433
3 0.6484889537421421 0.6070437658410518 0.10320635182750265 0.0936418630510753
3 0.7400057430346094 0.5880710090826543 0.09066703327116186 0.08660549220512792
3 0.4870701039847641 0.10263750629983867 0.13263284174891965 0.14380396085769379
3 0.6097175970568155 0.20985169162481512 0.11014361083876104 0.111868237077626
3 0.8014680140507732 0.3481223030355503 0.1098678624380696 0.10986786243807259
3 0.3700917842213603 0.0500396332567901 0.08731748085077508 0.1000792665135802
2 0.11874033652937886 0.07979212745007497 0.15197453197224958 0.1500444048652555
2 0.06350594030111947 0.1485500976681249 0.12701188060223903 0.13146168576639972
3 0.9178140802901633 0.914502005740741 0.11439398777307389 0.11784343639113985
