3 0.6597744764799768 0.18791128009305105 0.12595874512612518 0.09241538365232019
3 0.6700428524413452 0.2803266637453712 0.12595874512612507 0.07324774852443175
3 0.667989177249072 0.3881446113397447 0.1259587451261252 0.12458962833127643
3 0.6714119692361927 0.04860364621714616 0.12595874512612468 0.05476467179396744
3 0.6693582940439188 0.10952934358793506 0.12595874512612468 0.05476467179396744
3 0.8172229078876307 0.06024113897336422 0.0848852412806497 0.05476467179396737
3 0.8309140758361218 0.15094512663212295 0.12595874512612465 0.08283156608837579
3 0.8302295174386941 0.23651492631019727 0.1259587451261246 0.07735509890897889
3 0.8035317399391348 0.3138700252191764 0.1259587451261246 0.07735509890897889
3 0.8151692326953524 0.40423173367922255 0.09720729243429281 0.07735509890897879
3 0.4516687236628934 0.08796575406906033 0.08351612448580001 0.07735509890897882
3 0.4383198349131139 0.18038113772138054 0.09652273403686723 0.07735509890897885
3 0.4407157893041 0.27245424217498804 0.09173082525489538 0.08488524128064884
3 0.4355816013234152 0.36178911303889794 0.09241538365232058 0.07050951493473326
3 0.656693963691566 0.49695589035676735 0.09515361724201866 0.06982495653730858
3 0.6700428524413456 0.5753378268618833 0.1232205115364269 0.07872421570382833
3 0.8192765830799069 0.5767069436567325 0.12185139474157765 0.0842006828832249
3 0.8281758422464268 0.4979827279529042 0.08899259166519727 0.07187863172958231
3 0.4305872319800696 0.4357214199607541 0.09994552602399075 0.07324774852443156
3 0.27964210534794665 0.31455458361660094 0.10199920121626452 0.07598598211412995
3 0.2806689429440835 0.3994398248972506 0.09583817563944315 0.07872421570382819
3 0.4288758359865081 0.5202643820426914 0.09515361724201853 0.06161025576821352
3 0.43469458236461717 0.5825591962083294 0.11089846038278417 0.06845583974245927
3 0.4388019327491646 0.6571760615276102 0.11500581076733177 0.07940877410125281
