3 0.32956381260096934 0.08723747980613894 0.1809369951534733 0.10662358642972534
3 0.3247172859450727 0.21163166397415187 0.19063004846526652 0.13893376413570274
3 0.3368336025848142 0.3481421647819063 0.16639741518578352 0.09854604200323099
3 0.33521809369951533 0.395799676898223 0.18255250403877216 0.08400646203554124
3 0.3360258481421648 0.47980613893376417 0.2067851373182552 0.11954765751211632
3 0.3756058158319871 0.5961227786752827 0.14054927302100162 0.10339256865912759
3 0.3877221324717286 0.710016155088853 0.15508885298869143 0.17285945072697892
3 0.7253634894991922 0.14458804523424879 0.14539579967689817 0.098546042003231
3 0.7253634894991922 0.20355411954765748 0.18739903069466876 0.10985460420032309
3 0.7600969305331179 0.2964458804523425 0.172859450726979 0.13731825525040386
3 0.5105008077544426 0.1922455573505654 0.14539579967689817 0.06785137318255248
3 0.5226171243941842 0.30210016155088854 0.15024232633279483 0.10016155088852984
3 0.14135702746365106 0.49273021001615513 0.15024232633279483 0.10985460420032311
3 0.154281098546042 0.5823909531502423 0.1760904684975767 0.12762520193861066
3 0.16397415185783523 0.6962843295638126 0.172859450726979 0.148626817447496
3 0.17932148626817448 0.782714054927302 0.19709208400646205 0.12439418416801303
3 0.18901453957996772 0.8521809369951535 0.18739903069466884 0.12116316639741527
3 0.12520193861066234 0.4030694668820678 0.17932148626817443 0.05008077544426492
1 0.0936995153473344 0.24394184168012922 0.16478190630048462 0.10662358642972534
1 0.11147011308562198 0.30694668820678506 0.1841680129240711 0.10662358642972532
3 0.0936995153473344 0.13731825525040386 0.1873990306946688 0.09046849757673665
