0 0.460380348652932 0.12282091917591126 0.21077654516640226 0.2297939778129953
0 0.583201267828843 0.259904912836767 0.4374009508716325 0.4342313787638668
2 0.8026941362916007 0.3375594294770204 0.2709984152139461 0.30427892234548326
2 0.648969889064976 0.6584786053882725 0.17591125198098256 0.1949286846275754
2 0.5760697305863708 0.598256735340729 0.1980982567353407 0.20443740095087165
2 0.41679873217115676 0.46909667194928695 0.23454833597464333 0.24405705229793978
2 0.10459587955625987 0.1624405705229794 0.2091917591125198 0.22028526148969893
3 0.9072900158478597 0.6109350237717908 0.13787638668779717 0.11885895404120443
3 0.8438985736925514 0.667987321711569 0.13153724247226634 0.11251980982567353
3 0.7939778129952455 0.8510301109350238 0.12678288431061802 0.12361331220285265
3 0.33676703645007927 0.7702060221870048 0.13470681458003167 0.14263074484944524
3 0.41996830427892234 0.8652931854199682 0.09191759112519819 0.10776545166402542
3 0.15530903328050713 0.9207606973058635 0.12678288431061807 0.1141045958795567
3 0.23454833597464345 0.7979397781299525 0.11727416798732168 0.09033280507131536
3 0.7955625990491284 0.744849445324881 0.15847860538827263 0.14263074484944538
