0 0.4072900158478601 0.4381933438985739 0.3328050713153732 0.4167987321711564
3 0.35103011093502373 0.8629160063391442 0.16957210776545167 0.15055467511885895
3 0.5261489698890649 0.893026941362916 0.15213946117274169 0.09350237717908072
1 0.8573692551505547 0.49603803486529324 0.09825673534072892 0.09825673534072905
3 0.7725832012678289 0.294770206022187 0.1093502377179081 0.12361331220285261
3 0.7773375594294771 0.4833597464342314 0.11251980982567332 0.14263074484944532
3 0.7820919175911253 0.7083993660855783 0.11568938193343885 0.13312202852614888
3 0.7670364500792394 0.08557844690966719 0.08874801901743254 0.09191759112519811
3 0.8438985736925515 0.09429477020602221 0.11568938193343913 0.14738510301109353
3 0.9326465927099842 0.09904912836767035 0.09984152139461173 0.13787638668779714
3 0.8597464342313788 0.2916006339144216 0.10618066561014276 0.11727416798732174
3 0.8740095087163233 0.6957210776545166 0.1093502377179081 0.13946117274167988
3 0.873217115689382 0.8922345483359746 0.08874801901743268 0.13312202852614888
3 0.7812995245641838 0.8938193343898574 0.10459587955625978 0.11093502377179078
