2 0.7908082408874801 0.5744849445324877 0.17432646592709997 0.16957210776545162
2 0.7234548335974644 0.5063391442155304 0.17274167987321673 0.16640253565768606
2 0.6283676703645007 0.42313787638668776 0.12202852614897004 0.1109350237717908
0 0.6711568938193344 0.3114104595879556 0.1980982567353407 0.19175911251980982
0 0.7171156893819335 0.21790808240887485 0.18541996830427906 0.1632329635499208
0 0.1719492868462757 0.09508716323296351 0.270998415213946 0.17115689381933433
2 0.399366085578447 0.10935023771790808 0.24088748019017422 0.1838351822503962
2 0.358161648177496 0.27812995245641836 0.1648177496038035 0.21077654516640254
2 0.2654516640253566 0.5261489698890647 0.22345483359746438 0.22187004754358175
2 0.25911251980982586 0.6687797147385104 0.17908082408874812 0.14263074484944469
2 0.20998415213946117 0.8328050713153723 0.13153724247226625 0.12519809825673534
2 0.22741679873217105 0.7353407290015842 0.1347068145800316 0.10142630744849411
2 0.09033280507131539 0.4873217115689379 0.1521394611727417 0.1442155309033279
2 0.4873217115689381 0.832012678288431 0.13787638668779714 0.15530903328050713
2 0.5657686212361331 0.6806656101426307 0.11727416798732165 0.11251980982567353
2 0.6180665610142633 0.7424722662440573 0.15847860538827252 0.13787638668779692
2 0.9223454833597462 0.6830427892234543 0.1553090332805068 0.19968304278922328
