3 0.5524100457999758 0.0595572318060897 0.11593552682240457 0.11833450272378185
3 0.6582939652695604 0.13976401367241487 0.11447887410728413 0.12533932576359405
3 0.755890795363722 0.27779959119053144 0.1363371827620557 0.14236335914517503
3 0.654222775830938 0.3908464777466659 0.12076599441868098 0.11303965819718087
3 0.5252951569901178 0.3003385504801863 0.14607973181625808 0.1408680393149924
3 0.9224217766287529 0.36535649006753623 0.1540188529979295 0.15701877258411556
3 0.8500154348155722 0.46214455922597175 0.1540188529979295 0.15701877258411556
3 0.7611805793314571 0.6082841033111915 0.10760612469163618 0.10732181814715162
3 0.7194672519203275 0.7094155933690749 0.18147841656621466 0.17114497706142487
3 0.6059237439077029 0.7958510664015477 0.14798783928873804 0.13922409106706424
3 0.5325218801419666 0.9015956263890642 0.15111067675693776 0.14947291163063114
3 0.6465241498031256 0.9301088075832563 0.14458270250844293 0.13978238483348718
3 0.4779292439661985 0.9568764050376298 0.13120583148125411 0.08624718992474044
1 0.5307480077037247 0.5804107836121698 0.09079479871408239 0.09076722517123187
1 0.6212491692785241 0.46843123576500817 0.15957671379784635 0.15599557647911055
3 0.44462593459222094 0.6838406825547984 0.12436237068152395 0.11857198739075102
3 0.39165981698853736 0.7668348353353803 0.12789376957704987 0.12144340177321084
3 0.888228980174901 0.9409865697565243 0.22354203965019778 0.11802686048695137
