3 0.0420032310177706 0.12116316639741517 0.0840064620355412 0.1453957996768982
3 0.10985460420032311 0.2883683360258481 0.10339256865912763 0.13408723747980617
3 0.25040387722132473 0.6163166397415186 0.12277867528271408 0.11470113085621968
3 0.27059773828756056 0.43376413570274636 0.14054927302100156 0.16316639741518585
3 0.17447495961227788 0.45638126009693053 0.11954765751211632 0.1179321486268175
3 0.46203554119547663 0.7520193861066236 0.13893376413570274 0.15024232633279483
3 0.3772213247172859 0.7875605815831986 0.13085621970920835 0.1599353796445881
3 0.5492730210016155 0.7164781906300485 0.12600969305331178 0.14701130856219705
3 0.40710823909531496 0.5484652665589661 0.10985460420032311 0.11793214862681743
3 0.3465266558966074 0.40710823909531496 0.15024232633279483 0.15831987075928913
3 0.42972536348949913 0.3610662358642972 0.10985460420032311 0.11147011308562192
3 0.5201938610662359 0.32229402261712436 0.11631663974151862 0.1373182552504039
3 0.5985460420032311 0.27463651050080773 0.08562197092084013 0.13570274636510496
3 0.579967689822294 0.4668820678513732 0.13570274636510496 0.10339256865912759
3 0.6558966074313409 0.4483037156704362 0.12277867528271415 0.14054927302100167
3 0.7568659127625201 0.6179321486268174 0.15347334410339245 0.14701130856219705
3 0.6381260096930532 0.6809369951534734 0.17770597738287555 0.13731825525040378
3 0.7003231017770599 0.2544426494345719 0.11147011308562199 0.14054927302100165
3 0.18093699515347336 0.22294022617124395 0.11631663974151857 0.12277867528271408
3 0.252827140549273 0.1938610662358643 0.11470113085621972 0.14216478190630047
3 0.33360258481421645 0.16478190630048467 0.13085621970920835 0.12924071082390953
3 0.42810985460420026 0.12600969305331178 0.148626817447496 0.14539579967689822
3 0.862681744749596 0.3651050080775444 0.11631663974151862 0.15185783521809365
3 0.9450726978998384 0.8432956381260098 0.10985460420032311 0.19063004846526652
3 0.6389337641357027 0.8537964458804523 0.10500807754442647 0.0985460420032311
3 0.17447495961227788 0.6462035541195477 0.15831987075928916 0.15831987075928922
3 0.5872374798061389 0.05411954765751212 0.10177705977382878 0.08562197092084006
3 0.7544426494345718 0.20678513731825526 0.15185783521809385 0.11631663974151857
