1 0.6591276252019387 0.3319870759289176 0.14862681744749595 0.18901453957996772
1 0.5121163166397416 0.31502423263327944 0.10985460420032306 0.14539579967689825
1 0.4079159935379645 0.40145395799676886 0.18901453957996772 0.19224555735056556
1 0.9014539579967689 0.15347334410339264 0.16801292407108243 0.21970920840064614
1 0.3651050080775444 0.5831987075928916 0.20678513731825518 0.14216478190630055
1 0.289983844911147 0.2560581583198707 0.16639741518578346 0.17609046849757667
1 0.23990306946688209 0.11550888529886913 0.1631663974151858 0.14378029079159915
1 0.1494345718901454 0.5290791599353796 0.2019386106623586 0.13408723747980617
1 0.15751211631663975 0.8844911147011306 0.15993537964458804 0.14378029079159943
1 0.8659127625201939 0.9232633279483037 0.1873990306946689 0.15347334410339258
3 0.31421647819063003 0.9168012924071082 0.172859450726979 0.1663974151857836
