1 0.73851030110935 0.5808240887480189 0.10142630744849437 0.10301109350237711
3 0.595879556259905 0.11885895404120443 0.11727416798732165 0.1109350237717908
3 0.6529318541996822 0.15451664025356568 0.10776545166402547 0.10301109350237711
3 0.7781299524564185 0.2812995245641838 0.10142630744849436 0.0871632329635499
3 0.7068145800316956 0.29952456418383516 0.09825673534072905 0.08240887480190175
3 0.6370839936608559 0.30982567353407287 0.10776545166402549 0.08716323296354993
3 0.6077654516640254 0.5673534072900158 0.13787638668779706 0.12361331220285265
3 0.5863708399366087 0.40729001584786056 0.09825673534072898 0.09825673534072905
3 0.6085578446909666 0.4865293185419969 0.08874801901743261 0.11093502377179078
3 0.8724247226624403 0.5419968304278924 0.10935023771790812 0.11410459587955629
3 0.7979397781299525 0.5625990491283677 0.10301109350237724 0.10776545166402542
3 0.7654516640253566 0.6695721077654517 0.1045958795562599 0.07448494453248813
3 0.8969889064976229 0.6275752773375595 0.09825673534072892 0.07606973058637082
3 0.8328050713153723 0.6521394611727418 0.09984152139461187 0.06814580031695733
3 0.7218700475435815 0.7828843106180665 0.09350237717908087 0.08557844690966718
3 0.8098256735340729 0.8898573692551506 0.10776545166402528 0.0839936608557845
3 0.7638668779714739 0.8367670364500793 0.08874801901743268 0.09191759112519819
3 0.9397781299524565 0.22345483359746432 0.10142630744849442 0.08874801901743265
