1 0.647011308562197 0.8053311793214862 0.17609046849757667 0.16639741518578346
1 0.6284329563812601 0.6276252019386106 0.12600969305331178 0.15993537964458795
1 0.7697899838449112 0.624394184168013 0.14054927302100154 0.16316639741518585
1 0.38368336025848143 0.5823909531502423 0.1534733441033926 0.12762520193861066
1 0.3788368336025848 0.3093699515347334 0.19870759289176088 0.1922455573505654
3 0.722940226171244 0.0815831987075929 0.12116316639741527 0.08562197092084006
3 0.7310177705977384 0.17205169628432956 0.19870759289176093 0.10177705977382877
3 0.764135702746365 0.2423263327948304 0.1777059773828755 0.09369951534733442
3 0.7544426494345718 0.3319870759289176 0.19709208400646192 0.07915993537964454
3 0.7439418416801291 0.4192245557350565 0.18578352180936988 0.07269789983844915
