0 0.5110935023771791 0.31854199683042794 0.3026941362916007 0.12678288431061804
3 0.7559429477020602 0.28843106180665606 0.12361331220285252 0.09825673534072901
3 0.7099841521394612 0.37717908082408885 0.12995245641838352 0.09191759112519811
3 0.8961965134706814 0.28922345483359746 0.1315372424722662 0.0903328050713154
3 0.9413629160063391 0.3803486529318542 0.11727416798732165 0.0729001584786053
3 0.9381933438985738 0.4643423137876387 0.11727416798732165 0.10459587955625985
3 0.9461172741679873 0.633122028526149 0.10776545166402542 0.08082408874801886
3 0.7258320126782885 0.6354992076069731 0.12995245641838352 0.07606973058637073
3 0.7290015847860539 0.5467511885895404 0.14263074484944538 0.07606973058637088
3 0.7179080824088748 0.46513470681458 0.15530903328050713 0.09033280507131543
3 0.5966719492868462 0.6148969889064976 0.11251980982567346 0.07606973058637073
3 0.591917591125198 0.5126782884310618 0.12836767036450078 0.09984152139461173
2 0.3993660855784469 0.6093502377179079 0.1045958795562599 0.06497622820919216
2 0.393026941362916 0.5697305863708398 0.08557844690966718 0.05229793977812988
3 0.41283676703645006 0.5071315372424722 0.11568938193343897 0.07290015847860537
