1 0.630048465266559 0.778675282714055 0.12277867528271401 0.14216478190630055
1 0.24151857835218096 0.6308562197092084 0.1567043618739903 0.12439418416801289
1 0.327140549273021 0.8206785137318255 0.19224555735056545 0.15508885298869146
1 0.5533117932148627 0.3481421647819063 0.1437802907915993 0.12762520193861066
3 0.6558966074313409 0.15589660743134087 0.22294022617124398 0.1631663974151858
1 0.135702746365105 0.9248788368336025 0.1809369951534733 0.09531502423263319
1 0.4830371567043619 0.6284329563812601 0.16478190630048467 0.1324717285945073
3 0.25040387722132473 0.2754442649434572 0.13570274636510501 0.10500807754442651
3 0.13570274636510501 0.27059773828756056 0.135702746365105 0.10177705977382874
3 0.10016155088852989 0.4305331179321486 0.12277867528271404 0.07915993537964461
3 0.09369951534733442 0.5872374798061389 0.1260096930533118 0.0694668820678514
3 0.10420032310177707 0.715670436187399 0.17932148626817448 0.12277867528271401
