3 0.873217115689382 0.6949286846275753 0.08874801901743268 0.13470681458003156
3 0.7575277337559428 0.22266244057052298 0.1045958795562599 0.1347068145800317
3 0.6711568938193344 0.2630744849445325 0.0776545166402535 0.1045958795562599
3 0.8272583201267829 0.19968304278922344 0.06973058637083994 0.1172741679873217
3 0.9096671949286846 0.17987321711568938 0.06973058637083994 0.1347068145800317
3 0.8129952456418382 0.41996830427892234 0.13312202852614902 0.09191759112519811
3 0.6600633914421554 0.4358161648177495 0.10935023771790804 0.07290015847860537
3 0.4706814580031696 0.633122028526149 0.11410459587955621 0.08082408874801886
3 0.3232963549920761 0.7369255150554676 0.08557844690966722 0.13946117274167988
3 0.41521394611727414 0.7583201267828844 0.07606973058637082 0.1378763866877972
3 0.5039619651347068 0.751188589540412 0.09508716323296344 0.12361331220285253
3 0.6648177496038035 0.5237717908082409 0.12519809825673525 0.09667194928684623
3 0.820919175911252 0.5071315372424723 0.12678288431061802 0.07923930269413632
3 0.8280507131537242 0.5887480190174327 0.13153724247226634 0.09350237717908087
3 0.7646592709984151 0.6838351822503962 0.10618066561014258 0.12836767036450078
3 0.6870047543581616 0.7210776545166402 0.09984152139461187 0.12044374009508717
3 0.6822503961965134 0.5998415213946118 0.13470681458003178 0.11251980982567353
3 0.823296354992076 0.9160063391442155 0.1505546751188591 0.09508716323296369
