3 0.4691635413405099 0.14222674284731984 0.13003587917468976 0.09974343004876905
3 0.17222011353419298 0.3223413194382815 0.15898680903007376 0.15880072890897468
2 0.10263342999118283 0.16638164508384146 0.14768812412714571 0.1436489812441458
0 0.6312418264656362 0.06343163091679438 0.12747516111003457 0.12686326183358862
0 0.9548552848686142 0.062254105548229716 0.09028943026277801 0.1041188682906447
2 0.9586790948217565 0.34034451360714313 0.08264181035649103 0.12017483188999278
3 0.6850783370059448 0.33079420647769175 0.21849849929237222 0.21253988186116957
3 0.5825671613313216 0.4718986510720077 0.12047848453330288 0.1222188713428325
0 0.8181462854208326 0.6527272521049479 0.19932207852545417 0.18988441855921828
1 0.2687457543519146 0.7511277506263566 0.11603542719625778 0.08864251241662573
1 0.3793742130298785 0.7107440528585685 0.07536170270351476 0.08201126470676613
3 0.5155145225489317 0.7623024995667865 0.1394967440045862 0.16055729234661328
3 0.6043262510313044 0.7802384892537539 0.0899756459395018 0.14367236342354148
3 0.799117819011475 0.9313735679774925 0.09411909634622503 0.10756605061008116
3 0.13446583582684088 0.7052109294569235 0.102991776728889 0.1057756644841848
3 0.037680851351757444 0.7218266561973234 0.07536170270351489 0.13373008028760877
0 0.32279999653616875 0.036374764265866825 0.14241997616141208 0.07274952853166147
1 0.9268548179642357 0.9383068414142798 0.14629036407152854 0.12338631717144054
2 0.11269332302188903 0.9434025064750199 0.08491954290468806 0.10037353300144744
2 0.2441866935638398 0.9571472670901587 0.07166750159059705 0.08570546581968251
