0 0.460380348652932 0.20126782884310618 0.33755942947702083 0.2060221870047543
2 0.39086363073972763 0.3770320410660348 0.19651347068145802 0.16006339144215528
2 0.232953990438474 0.361659908589145 0.1649101179395847 0.14156667658740596
2 0.21130728775356872 0.16214899511645378 0.11152329075882796 0.11005587903831707
2 0.7821304470323064 0.220111758076634 0.1438063486100676 0.16728493613824177
2 0.9174786344853487 0.2597318745304281 0.16504273102930112 0.22304658151765577
2 0.8943874436513899 0.46443580954169794 0.13646929000751298 0.1511434072126221
2 0.7659889181066868 0.4196797520661157 0.1790242299023289 0.20543764087152513
2 0.5715568651389931 0.7021565082644627 0.1540782306536439 0.23038364012021034
3 0.4248156930879037 0.6610689800901577 0.15994787753568762 0.1452737603305788
3 0.14747487791134486 0.6669386269722014 0.18049164162283998 0.1716871712997745
2 0.07116946844477835 0.20030169984973703 0.13646929000751315 0.20690505259203604
