3 0.6518578352180937 0.29967689822294025 0.15347334410339264 0.1631663974151858
3 0.9240710823909533 0.34491114701130854 0.1518578352180937 0.18901453957996764
3 0.6316639741518578 0.42164781906300486 0.16801292407108234 0.14862681744749595
3 0.6575121163166397 0.554119547657512 0.13570274636510504 0.16478190630048467
3 0.6389337641357028 0.6623586429725363 0.16639741518578355 0.13570274636510496
3 0.6421647819063006 0.8142164781906299 0.16639741518578355 0.14216478190630055
3 0.9054927302100161 0.7051696284329565 0.18901453957996778 0.15670436187399026
3 0.8949919224555736 0.8699515347334409 0.1809369951534734 0.16316639741518585
3 0.9063004846526656 0.5573505654281098 0.18739903069466876 0.17124394184168013
3 0.6147011308562197 0.15024232633279483 0.1276252019386105 0.09046849757673668
