0 0.7868462757527734 0.5982567353407291 0.19175911251980993 0.20760697305863715
0 0.5475435816164819 0.49603803486529324 0.14104595879556264 0.12995245641838352
3 0.4001584786053883 0.3748019017432646 0.1315372424722664 0.12519809825673534
3 0.46592709984152136 0.421553090332805 0.10776545166402535 0.10142630744849448
3 0.2250396196513471 0.1846275752773376 0.13629160063391443 0.11568938193343899
3 0.28050713153724244 0.23137876386687797 0.10459587955625987 0.09508716323296355
3 0.34548335974643424 0.30348652931854203 0.11093502377179082 0.10301109350237717
3 0.1854199683042789 0.45562599049128366 0.10142630744849444 0.15689381933438987
3 0.21315372424722662 0.768621236133122 0.18225039619651348 0.13946117274167988
3 0.3343898573692552 0.6339144215530904 0.1426307448494453 0.14580031695721068
