1 0.42972536348949913 0.8917609046849758 0.1906300484652666 0.1809369951534734
1 0.4749596122778675 0.6567043618739903 0.1389337641357028 0.13085621970920827
1 0.1260096930533118 0.6138933764135703 0.1518578352180937 0.15831987075928922
1 0.6260096930533118 0.3877221324717285 0.08562197092084013 0.09693053311793207
1 0.364297253634895 0.3836833602584813 0.1276252019386107 0.12116316639741528
1 0.5048465266558965 0.3990306946688205 0.1276252019386107 0.1389337641357028
1 0.11066235864297248 0.3505654281098545 0.15993537964458793 0.1777059773828757
1 0.8109854604200322 0.4054927302100161 0.18739903069466876 0.15831987075928913
1 0.7536348949919224 0.7867528271405493 0.12116316639741521 0.10985460420032313
1 0.9378029079159933 0.5621970920840063 0.12439418416801368 0.14539579967689842
1 0.7705977382875606 0.5848142164781907 0.15508885298869138 0.14539579967689817
1 0.9289176090468492 0.7552504038772212 0.14216478190630008 0.159935379644588
