3 0.3427808982971897 0.2224182015129309 0.19340608955038907 0.28583786810432443
3 0.41521436239431353 0.05407990924598694 0.09384344184353907 0.10815981849197392
3 0.5541554518214664 0.3297092838226217 0.12652181018780745 0.1496214183868763
3 0.6195450325912766 0.2116085894395482 0.13251333300653984 0.1578187023827072
3 0.6745585294542473 0.10415170311859705 0.13869976764114733 0.14094129095887353
3 0.8954517084444029 0.0752469606964111 0.20107023874793611 0.15049392139282233
1 0.8662144460925024 0.3721258563117768 0.15199512995640446 0.12665528743797794
1 0.06760721362994958 0.42006992569236445 0.0811445782205388 0.08572711965641759
1 0.1584102076685008 0.44071982776343666 0.1153730836640052 0.08052418606110351
3 0.32044586739986775 0.5257290585664453 0.15996186285529987 0.13296927551553728
1 0.48029439436842813 0.6041296571116449 0.09716960628657972 0.0948786884001894
1 0.55943797246521 0.6647203040811046 0.13607808862642728 0.1969288385146487
3 0.13040554595567666 0.7694565727681613 0.098397221183059 0.11658284622019181
3 0.23936470240652077 0.7859957741843948 0.12870240472238278 0.15603507200267075
3 0.32854594624964895 0.8299646298791115 0.0964822759037959 0.1086793341903811
3 0.46606028573991054 0.8810602616907106 0.1098525010830457 0.13138038104769237
1 0.584703391519271 0.9278667804366646 0.08882286644269527 0.053746320458955665
3 0.06788136587493412 0.9347034039808757 0.09148280855430876 0.09038467006224607
3 0.14113875682866325 0.9609923296677577 0.08250609948336068 0.07801534066448283
1 0.6656413116711279 0.6650755609294527 0.07942138810167826 0.10962639028800111
3 0.9475391085061042 0.6980850770269481 0.10492178298778895 0.09180327510770894
3 0.051186161252991275 0.7147394086104211 0.09635496181272486 0.11283425146836748
