3 0.3797802894129938 0.06513234964417262 0.15038313585858717 0.13026469928834433
3 0.4731948406225004 0.19686937431716175 0.13190691596906873 0.1315377459142481
1 0.6446178529373505 0.20465874165562625 0.1035615584376631 0.08655006938571361
1 0.6446178529373516 0.2955360890333934 0.08127799064382152 0.0794107935614647
2 0.8888576522182209 0.23302950014391666 0.10072743186096546 0.10141326200229109
0 0.773176051666877 0.3269367984931925 0.12593943384103823 0.10432296385340013
2 0.8138122639089661 0.09604922893585183 0.079206020707324 0.08726668394783914
3 0.9566610558871779 0.10715691724761615 0.08667788822564589 0.11977448339713664
2 0.8108569030186301 0.4846791860147619 0.1581118076328643 0.1270805182843583
3 0.13942081889202965 0.46974984089872196 0.10146205336401412 0.11218572610752417
2 0.29036420747530767 0.7332989209141028 0.04619691812949938 0.05978981991897115
0 0.35928102577774773 0.6239802527842464 0.112523470376447 0.10564469579550717
2 0.49982541057772556 0.594766379179701 0.10187559166242054 0.1018755916624211
3 0.5021670739567236 0.708546582018065 0.1144569137829663 0.11488828358655581
1 0.6571983779880091 0.6527450953857695 0.07372398354286673 0.07206958840025124
2 0.5785118942828673 0.7853669153395058 0.12954952463971645 0.12850477040874808
2 0.7096560337914329 0.8984094693947722 0.2711543616881374 0.20318106121045634
3 0.3675730107352818 0.8585120973752686 0.1295069044372795 0.13437083084144433
3 0.1946843986507465 0.9220523565174432 0.1632836891909487 0.15589528696511365
3 0.24510613419787586 0.03501516202826799 0.09262075117154758 0.07003032405653598
