2 0.07319828235141114 0.06325992984573955 0.13165130623818505 0.1265198596914791
2 0.034656312867475524 0.13040529928598482 0.06931262573495107 0.06188257136878308
2 0.018840425675878694 0.19727033942978867 0.03768085135175739 0.07240634181318086
2 0.3291533191609413 0.0834889451519362 0.16874379348747964 0.15952354222317391
0 0.4617751391146778 0.1773216534200375 0.12071069047509084 0.1201014531457193
0 0.5174248966362243 0.07976995477071744 0.221968457992118 0.15953990954143296
2 0.158481227744158 0.2759568231349316 0.1399698120892863 0.13609714403661488
2 0.19874801987495821 0.21278598410404445 0.10608406089584664 0.10284933402035797
2 0.10454589149556412 0.34910200517069595 0.1399698120892863 0.13609714403661485
2 0.0564228037756635 0.4314663619274663 0.11284560755132703 0.11463812145911617
2 0.32324259738027344 0.34393012361261455 0.22606121810932175 0.23841203404363356
2 0.23495119078154972 0.5005642508003088 0.17530759650085964 0.1886255871114899
2 0.1583442058518832 0.6175293704170872 0.13063438339594355 0.130497943484281
2 0.08698166999562087 0.6612269495899409 0.1710755798308294 0.1598395403067746
2 0.8089127692425909 0.21826145018583482 0.2538013574772282 0.2680241897997334
2 0.6978111351039474 0.3401917970784602 0.1949204069084192 0.18446580907275753
2 0.8270704763536627 0.42524988737746644 0.16990164050926979 0.15657281001838952
2 0.8896001069995172 0.3778668287388399 0.12313303704752798 0.1150497462982193
2 0.9242183206736688 0.2722459446974587 0.15156335865267095 0.1533796235308993
2 0.5847920361748256 0.4776602039002217 0.15411930567721469 0.1425132552741411
2 0.520410438744505 0.561815386478299 0.11844997886208475 0.11724748211342202
2 0.4604086811052282 0.6177030311245123 0.10504884521118257 0.10775501244403209
2 0.44293471343879787 0.7074395131236837 0.15411930567721469 0.1425132552741411
2 0.38852276118534673 0.7833871631019877 0.16203215633850138 0.14811819115921965
2 0.3427736037728683 0.8485392043251099 0.1665830704493966 0.1513417553211042
2 0.2754058960325434 0.9097685591641691 0.13085224479493088 0.12603242048252214
2 0.7258263848594635 0.6041423897268738 0.1247476308402463 0.11767370323604794
2 0.6624988092033176 0.6479769686897292 0.12485696211017654 0.118159714896914
2 0.6393574913160397 0.7445507933849944 0.09551652511403716 0.10100295237522004
2 0.5835996420121373 0.8099093917163688 0.122180908448495 0.11989022390379603
2 0.5234554854422029 0.8848444462219865 0.12306239181231816 0.12051460795317069
2 0.4850870429006456 0.9462256986701368 0.09679726251239316 0.09424947865324498
2 0.9440332005061955 0.6241363208363765 0.10602287720698257 0.1061803249103142
3 0.8924987476141105 0.7018779701875735 0.08734732611542625 0.08463223540590917
3 0.8559261565962278 0.7572909868813323 0.0944317779255303 0.08869869574158087
3 0.8082709622395945 0.8337609499187262 0.1710017538059273 0.16173057438271685
3 0.715546514305361 0.9401539419707383 0.2068752623233737 0.11969211605852337
3 0.9335043799674871 0.9597332078692006 0.1329912400650258 0.08053358426159889
