1 0.5772973032715544 0.0729482075350424 0.1488426543172593 0.14589641507008402
1 0.48428882967141035 0.19625439959034602 0.15087493487959663 0.15088173066383226
1 0.37004153362084724 0.3212167811884352 0.12850064849662374 0.12327433309203328
1 0.25685308039689597 0.40445631130648024 0.12416858128884563 0.11994375532501998
3 0.8459863359048062 0.12044525216560897 0.095299157746351 0.0736465053456703
3 0.8663041594191162 0.21852931362083106 0.09363233242585153 0.10164310732181693
1 0.7164026043782941 0.303746711371772 0.13927075896310812 0.1379875458549353
1 0.6600861295018028 0.4206795252355889 0.20342095012179529 0.18506483489169512
1 0.5966994395641756 0.5195565033882202 0.11783010681059579 0.12316848819005116
1 0.5502135972045479 0.637454643256192 0.11132339619165066 0.10954066105429866
1 0.4740131797498608 0.6844096216504124 0.12113183450022717 0.11851490944935136
3 0.4023187139364439 0.7781825978807079 0.14297421645746625 0.14071793435325078
3 0.34516821265874176 0.8677337630668851 0.11300362681056825 0.11283135741890163
1 0.17672969334435415 0.6967645685024535 0.09412197166555565 0.10640553547097852
1 0.2737825507941438 0.9493501319153056 0.10203952988827016 0.10129973616938599
1 0.09769788067219526 0.8265862618068526 0.10014032768900018 0.14044070346628001
1 0.8522674784700311 0.8931710928718707 0.10701889176770778 0.1077628584532053
1 0.7758561653601945 0.9395382450759628 0.11789004403398139 0.11545360723181744
3 0.686450864217672 0.9575624830830146 0.11662684505243322 0.0848750338339693
1 0.7688893266128374 0.725630688546227 0.11222296424194553 0.11165140581890284
1 0.9132282931315566 0.5884099390546805 0.09942777492928258 0.09769778662523379
1 0.9541977712381023 0.38735321865495076 0.09076406911040834 0.11662150654886033
