3 0.7182026754361327 0.8607805200421187 0.13246822492671073 0.14515485840849776
3 0.8018564857617007 0.6458451825632889 0.12306488159490073 0.10762730413636178
3 0.8952800841544863 0.6891986171115758 0.1046901819648167 0.11938406515047681
3 0.950069374098597 0.730109604643058 0.09986125180280567 0.11724799167015078
3 0.791170780063181 0.8833731549475652 0.08012049511867275 0.07336946179132468
1 0.8528425672375025 0.19142678494208262 0.11269709377576503 0.10151929936270043
1 0.9334433187920657 0.298283841927296 0.10886171232717942 0.12692534815829717
1 0.5371562903154734 0.05644076299283426 0.08910731808692134 0.11288152598566853
1 0.3322960467809643 0.038773846391777556 0.1825729145061653 0.07632646927515267
3 0.8786746053458911 0.8726083356131866 0.1187922480382636 0.136421662808705
3 0.9447744364221046 0.8927028541027763 0.097227140070123 0.10229889556223214
