2 0.8573692551505545 0.0697305863708399 0.19651347068145852 0.1394611727416798
2 0.7234548335974644 0.17432646592709986 0.20760697305863715 0.1774960380348653
2 0.4928684627575277 0.44453248811410456 0.329635499207607 0.404120443740095
2 0.3629160063391442 0.2385103011093502 0.19968304278922344 0.14421553090332803
2 0.29239302694136293 0.44532488114104596 0.15689381933438984 0.21553090332805072
2 0.19889064976228205 0.6259904912836768 0.18858954041204426 0.2503961965134706
3 0.08240887480190175 0.1751188589540412 0.13629160063391443 0.10301109350237717
3 0.098256735340729 0.07765451664025357 0.15530903328050713 0.12361331220285261
3 0.8137876386687799 0.5768621236133121 0.1854199683042789 0.13629160063391438
3 0.5776545166402536 0.8518225039619651 0.15372424722662445 0.14421553090332806
3 0.6751188589540413 0.7163232963549921 0.15530903328050719 0.13629160063391438
3 0.7290015847860539 0.6331220285261491 0.13312202852614916 0.11251980982567353
3 0.9167987321711568 0.4033280507131537 0.1537242472266243 0.15055467511885895
3 0.6148969889064976 0.7694136291600635 0.12995245641838352 0.10301109350237708
3 0.5047543581616482 0.9223454833597464 0.15689381933438987 0.12361331220285265
2 0.37876386687797153 0.6798732171156894 0.2028526148969889 0.17749603803486536
