1 0.3827258320126783 0.4690966719492869 0.14738510301109353 0.1236133122028526
3 0.21156893819334396 0.3098256735340729 0.19175911251980984 0.16006339144215528
3 0.29239302694136293 0.24722662440570523 0.2171156893819334 0.14263074484944535
3 0.3256735340729001 0.15689381933438987 0.18858954041204437 0.12361331220285261
3 0.3906497622820919 0.1109350237717908 0.17591125198098254 0.16798732171156894
3 0.4611727416798732 0.3954041204437402 0.12995245641838352 0.10935023771790804
3 0.5134706814580032 0.3225039619651347 0.14580031695721068 0.12519809825673534
3 0.5879556259904913 0.23296354992076068 0.12361331220285258 0.09508716323296358
3 0.6315372424722663 0.1561014263074485 0.1632329635499208 0.13787638668779714
3 0.696513470681458 0.0816164817749604 0.1505546751188591 0.14738510301109353
3 0.5808240887480189 0.6045958795562599 0.18858954041204434 0.1664025356576863
3 0.6251980982567353 0.5277337559429477 0.15689381933438987 0.1648177496038035
3 0.6877971473851031 0.45245641838351824 0.13629160063391452 0.15055467511885895
3 0.744849445324881 0.38510301109350237 0.13629160063391438 0.14580031695721074
3 0.8098256735340729 0.30586370839936605 0.167987321711569 0.13629160063391438
3 0.8645007923930269 0.22900158478605387 0.1473851030110936 0.12519809825673534
1 0.9215530903328051 0.15927099841521397 0.12202852614896997 0.11251980982567356
3 0.17274167987321712 0.7250396196513469 0.10776545166402533 0.10301109350237722
2 0.10538827258320126 0.7947702060221871 0.1600633914421553 0.14104595879556256
2 0.06497622820919176 0.8796443002159736 0.12995245641838352 0.12343723158073117
2 0.07290015847860537 0.49295650306858774 0.14580031695721074 0.12977637579626197
1 0.456418383518225 0.7187004754358162 0.12044374009508708 0.11568938193343897
1 0.6030110935023771 0.9191759112519808 0.21077654516640254 0.1616481774960383
3 0.3446909667194929 0.8748019017432646 0.15055467511885898 0.11727416798732165
3 0.2963549920760697 0.9469096671949286 0.1489698890649762 0.10618066561014258
3 0.7329635499207607 0.7424722662440573 0.16323296354992067 0.15372424722662445
3 0.7971473851030112 0.6561014263074485 0.1648177496038035 0.14263074484944524
3 0.8597464342313788 0.5776545166402536 0.15689381933438995 0.13787638668779728
3 0.9207606973058637 0.5015847860538827 0.15847860538827263 0.16323296354992073
