2 0.5103011093502378 0.7432646592709985 0.3898573692551506 0.3011093502377179
2 0.48573692551505543 0.537242472266244 0.23930269413629165 0.24405705229793972
2 0.7020602218700475 0.49049128367670364 0.25990491283676703 0.26782884310618066
2 0.7709984152139461 0.3399366085578447 0.30586370839936605 0.27099841521394613
3 0.23375594294770202 0.508716323296355 0.09033280507131536 0.09508716323296355
3 0.14580031695721077 0.47226624405705236 0.11727416798732168 0.1299524564183836
3 0.11648177496038034 0.37876386687797153 0.1600633914421553 0.1267828843106181
3 0.22266244057052298 0.2210776545166402 0.14421553090332812 0.13787638668779695
2 0.33993660855784474 0.08557844690966718 0.1442155309033279 0.13312202852614896
2 0.43581616481774965 0.38589540412044376 0.20285261489698897 0.2266244057052298
