0 0.8946117274167946 0.7987321711568935 0.14104595879556234 0.31695721077654604
2 0.48573692551505554 0.7995245641838352 0.1632329635499208 0.28367670364500797
2 0.91283676703645 0.5396196513470681 0.17432646592709986 0.15055467511885895
3 0.06339144215530902 0.3589540412044374 0.1109350237717908 0.15689381933438984
3 0.1537242472266244 0.3462757527733756 0.11410459587955626 0.14421553090332803
3 0.14817749603803487 0.20206022187004755 0.11885895404120443 0.1537242472266244
3 0.05071315372424722 0.18066561014263072 0.0919175911251981 0.11093502377179082
3 0.3803486529318542 0.35419968304278926 0.16164817749603802 0.11885895404120447
3 0.6006339144215531 0.35657686212361334 0.10459587955625985 0.11410459587955632
3 0.49603803486529313 0.34627575277337563 0.09191759112519811 0.09984152139461173
3 0.7187004754358162 0.35974643423137875 0.1030110935023771 0.10459587955625996
3 0.8232963549920761 0.32646592709984146 0.17274167987321704 0.17432646592709983
3 0.8954041204437401 0.22503961965134706 0.11727416798732179 0.10459587955625992
3 0.9207606973058637 0.11885895404120443 0.15847860538827263 0.10142630744849444
3 0.37717908082408874 0.25356576862123614 0.10459587955625992 0.09508716323296355
3 0.36687797147385104 0.1458003169572108 0.1093502377179081 0.098256735340729
3 0.4873217115689382 0.19572107765451663 0.09667194928684623 0.14104595879556256
3 0.5768621236133122 0.17353407290015846 0.09508716323296355 0.09667194928684626
3 0.6846275752773374 0.14817749603803482 0.12678288431061815 0.1378763866877971
