1 0.65689381933439 0.6291600633914421 0.1347068145800317 0.14896988906497627
3 0.16561014263074483 0.2971473851030111 0.12836767036450078 0.14421553090332812
3 0.5966719492868462 0.2107765451664025 0.12836767036450084 0.11410459587955626
3 0.09350237717908082 0.6465927099841521 0.12044374009508715 0.1331220285261491
3 0.3011093502377179 0.6584786053882726 0.08557844690966718 0.09033280507131536
3 0.20364500792393028 0.6925515055467513 0.10301109350237715 0.11093502377179093
3 0.48415213946117275 0.6362916006339144 0.11251980982567353 0.12836767036450084
3 0.9064976228209192 0.5863708399366085 0.10459587955625978 0.12361331220285272
3 0.8026941362916006 0.40332805071315375 0.11251980982567361 0.1188589540412044
3 0.42234548335974653 0.23771790808240886 0.10618066561014268 0.10459587955625987
3 0.37004754358161646 0.44690966719492864 0.11885895404120447 0.12361331220285258
