2 0.5689381933438985 0.5269413629160062 0.23137876386687814 0.3787638668779714
3 0.427892234548336 0.3573692551505547 0.14896988906497632 0.14104595879556256
3 0.3375594294770206 0.543581616481775 0.18066561014263072 0.15530903328050705
3 0.25039619651347067 0.6117274167987321 0.11727416798732175 0.11093502377179101
3 0.3431061806656101 0.44057052297939775 0.08399366085578447 0.10459587955625992
3 0.1822503961965135 0.6656101426307444 0.13629160063391443 0.1267828843106187
3 0.12757527733755944 0.7472266244057053 0.15055467511885898 0.14104595879556256
2 0.7480190174326466 0.25277337559429475 0.1743264659271 0.16323296354992073
2 0.5087163232963551 0.1600633914421553 0.18700475435816166 0.15530903328050713
2 0.7797147385103012 0.1497622820919176 0.15530903328050713 0.13787638668779717
3 0.2083993660855784 0.29952456418383516 0.1347068145800317 0.14896988906497619
1 0.098256735340729 0.2591125198098257 0.12361331220285261 0.10618066561014264
2 0.8264659270998416 0.908082408874802 0.1854199683042789 0.17432646592709986
3 0.2709984152139462 0.05784469096671949 0.10142630744849444 0.11568938193343899
