2 0.6505546751188589 0.329635499207607 0.1473851030110935 0.11727416798732168
2 0.5071315372424723 0.2408874801901743 0.04120443740095084 0.12361331220285261
2 0.5633914421553091 0.23930269413629157 0.04278922345483359 0.12044374009508715
2 0.8961965134706815 0.6917591125198098 0.07448494453248813 0.07448494453248813
1 0.4881141045958796 0.7416798732171156 0.06339144215530901 0.060221870047543716
1 0.5229793977812995 0.8391442155309033 0.07923930269413632 0.07765451664025363
1 0.5744849445324881 0.9627575277337559 0.07131537242472262 0.07448494453248813
3 0.3145800316957211 0.820919175911252 0.0649762282091918 0.05388272583201271
1 0.3280507131537243 0.8629160063391441 0.06339144215530901 0.05546751188589539
1 0.3343898573692552 0.7353407290015846 0.057052297939778104 0.05388272583201271
